Date: 2023-06-08T12:17:39.281633600 To: msocha19@interia.pl Content: Lecture has been booked.
Date: 2023-06-08T12:19:31.557829700 To: msocha@interia.pl Content: Lecture has been booked.
